
                0.              -300.E-36     
              105.882E-03        -14.2857E-03 
              211.765E-03        -28.5714E-03 
              317.647E-03        -42.8571E-03 
              423.529E-03        -57.1429E-03 
              529.412E-03        -71.4286E-03 
              623.529E-03        -95.2381E-03 
              717.647E-03       -119.048E-03  
              811.765E-03       -142.857E-03  
              905.882E-03       -166.667E-03  
                1.              -190.476E-03  




