8.263161662881516989e+00
8.171515683204944480e+00
8.319262118982535981e+00
8.417117926910529846e+00
8.250256634824832958e+00
7.694459824089125100e+00
7.349824348203993551e+00
7.957693855565418417e+00
7.466850318177313817e+00
7.808458712528079104e+00
7.431784929323505651e+00
7.580947097326360407e+00
7.361708706314116668e+00
7.405555419915651250e+00
7.508003054225223849e+00
7.235840821814589319e+00
7.074167531727007407e+00
6.682574395834829595e+00
6.513024628321232079e+00
6.180614867420670677e+00
6.345914407188785411e+00
6.021089368599149338e+00
6.174008076516392940e+00
5.840491063905838942e+00
5.779338721557158998e+00
5.533805235807921719e+00
5.526106777055830754e+00
5.087803424155096010e+00
4.827133449833135082e+00
5.061259475883964853e+00
4.847778300606059076e+00
4.436212374998390828e+00
4.395417171918536425e+00
4.198781460622344142e+00
3.649361126969795421e+00
3.771017180076950304e+00
3.636190426036995937e+00
3.567683100725551171e+00
2.900575269192013916e+00
2.801472129159944480e+00
2.794284212880118634e+00
2.318340922043018448e+00
2.139333339967554704e+00
1.862778800556524894e+00
1.832370273996228871e+00
1.996344082247561991e+00
1.660527260449632170e+00
1.518986087598237278e+00
8.537269805890645991e-01
8.397148353828914891e-01
7.359146425484863752e-01
4.862320573234871213e-01
9.412879249946853877e-03
-1.693113001410039009e-01
-4.618357689638698527e-01
-8.516559453356788989e-01
-4.778605337302905820e-01
-5.120994888008720825e-01
-5.910792588833366779e-01
-1.171488575902020823e+00
-1.460653390112879757e+00
-1.707682080976223427e+00
-2.297301230830467667e+00
-1.875047520718179594e+00
-1.885662428942380231e+00
-2.272265114746311099e+00
-2.795254819978453931e+00
-2.609798791495117065e+00
-3.166159927867453039e+00
-3.010127833418127619e+00
-3.644854491348210157e+00
-3.377202083831792212e+00
-4.067901066414143507e+00
-3.925464503901637592e+00
-3.990653949435831294e+00
-4.462615323982923599e+00
-4.425119574069032780e+00
-4.798507414379018066e+00
-4.994331325924461495e+00
-5.199220542337370965e+00
-5.326168890485639018e+00
-5.363946337126336950e+00
-5.375618962043257731e+00
-5.806933026697323363e+00
-5.926080728492249428e+00
-6.356386004262229328e+00
-6.626231447127446827e+00
-6.234988532337256473e+00
-6.428311756723733339e+00
-6.823235408141155034e+00
-6.639179932128991268e+00
-7.088122507525763893e+00
-6.976126439954077441e+00
-7.012699298112156754e+00
-7.544873697876094631e+00
-7.636353884446409168e+00
-7.447561483588650333e+00
-7.544298260693429903e+00
-7.720525527614595873e+00
-7.872406686177331636e+00
-7.858480535454804183e+00
-7.668313591026470810e+00
-7.967005664504087648e+00
-8.327451813757532406e+00
-8.200086939293203869e+00
-8.417376434996636902e+00
-8.489219427349087965e+00
-8.490005942705940001e+00
-8.541449565188944604e+00
-8.522052733195442542e+00
-8.103252399101663173e+00
-8.685340383873386472e+00
-8.773290596241361428e+00
-8.470948945697998056e+00
-8.338895420479376597e+00
-8.548095904014608948e+00
-8.177684791365049222e+00
-8.755959643916163770e+00
-8.192428048826185361e+00
-8.328785549310728342e+00
-8.239643135989735967e+00
-8.418259698588077100e+00
-8.352733349377311711e+00
-8.190862906912821373e+00
-8.767495074920413245e+00
-8.128129710842820543e+00
-8.032609458586629003e+00
-8.601562307929016882e+00
-7.810186216130026615e+00
-7.900624258510779541e+00
-8.310390054940590687e+00
-7.921627119780236370e+00
-8.339674734078750262e+00
-7.697876410478423637e+00
-7.617442293761493843e+00
-7.497320529045477855e+00
-7.346623756811465178e+00
-7.147941574817139987e+00
-7.074779906997263446e+00
-6.974601777740019770e+00
-6.481662839698592471e+00
-7.248130659971995904e+00
-6.911820871795757881e+00
-6.280500992712164887e+00
-6.615277836514640519e+00
-6.536274567330587537e+00
-5.952870274944353390e+00
-5.887554070378108406e+00
-5.613214509902283211e+00
-6.053543612658019768e+00
-5.325001895494191118e+00
-5.483260566015086823e+00
-5.194649901314570606e+00
-5.096897070258917140e+00
-4.720023016059414545e+00
-4.946720823959625868e+00
-4.406400483412473257e+00
-4.139691109057628715e+00
-4.176807112575576575e+00
-3.515845069138788581e+00
-3.576171107817852857e+00
-3.259758385933688274e+00
-3.686045531192284397e+00
-3.281664458548504637e+00
-2.874584764418791405e+00
-2.942240681286343751e+00
-2.703120874386465644e+00
-2.371188220097079302e+00
-2.051329247425691449e+00
-2.069595106921791494e+00
-1.410085358202289640e+00
-1.609456828896220548e+00
-1.406730156962250788e+00
-9.839465871057567758e-01
-9.856647492847752101e-01
-5.679391494851582234e-01
-2.329023043868232168e-01
-1.130098985709708515e-01
5.709919232659502880e-02
3.747509468102581121e-01
4.293490856438755832e-01
6.309010109177278780e-01
9.155625663184359109e-01
1.030721313377968462e+00
1.258207860746083151e+00
1.617902145286727711e+00
1.840291292264511380e+00
1.722978235082342380e+00
2.056835136514957085e+00
2.195663637717736538e+00
2.905260692542836587e+00
2.469459627246072486e+00
3.168836751847296185e+00
2.999430536597832209e+00
3.510798248163225832e+00
3.475470066240605949e+00
3.617590476203440542e+00
3.902010701264163828e+00
3.985383860078178131e+00
4.202828206388292465e+00
4.024503114287230510e+00
4.476843711353499344e+00
4.878140362232813665e+00
5.256842384470950869e+00
5.270842455436128837e+00
5.577258951650440721e+00
5.522027566947945054e+00
6.134504189950114927e+00
5.964211402387205929e+00
5.892453896975462513e+00
6.347507218288356512e+00
6.477382653767159049e+00
6.566259886296241355e+00
6.464535360048161650e+00
7.203854743983361786e+00
6.771146246484327058e+00
6.860542387354238159e+00
6.787930913763468688e+00
7.162254354165938253e+00
7.582418349995404760e+00
7.208112612784667306e+00
7.285577374611696300e+00
7.363079445108417609e+00
7.719182341044818152e+00
7.705219233659997613e+00
8.176600358889198006e+00
7.874025862877019222e+00
8.143531330171972726e+00
8.580860551524317259e+00
7.774714281094326829e+00
8.307960496729922539e+00
8.597802494139742180e+00
8.116336954727689346e+00
8.012691968989559044e+00
8.179861821365751240e+00
8.599598505577334961e+00
8.790661706548545951e+00
8.429880923752882893e+00
8.661656387596570639e+00
8.721598323523480190e+00
8.499255343355889281e+00
8.504550471139271650e+00
8.453925087443815656e+00
8.485588513125930987e+00
8.352504037321088148e+00
8.222164239179178935e+00
8.156322074269217737e+00
7.983801351738653906e+00
8.394197492784726933e+00
7.954950808121445505e+00
7.853539740718584738e+00
8.302491149969210227e+00
8.055056914761843601e+00
7.380592422325542579e+00
8.169760286693851015e+00
8.149522737442467246e+00
7.954592289728791954e+00
7.922808842553985542e+00
7.769893040663588657e+00
7.446222908127693607e+00
7.528720697247207383e+00
7.321472896783205897e+00
7.186902284069695668e+00
7.266256854724170822e+00
7.021733739647720185e+00
7.090405822107761047e+00
7.002559478912788293e+00
6.686731776005077954e+00
6.526589149239832466e+00
6.210803691568632878e+00
6.525863444090174603e+00
5.890834676950059468e+00
5.944928475598552531e+00
5.733638617842690799e+00
5.939588741628039514e+00
5.798048447349249734e+00
5.326700727270135438e+00
5.049292970348552068e+00
5.218987518102434109e+00
5.132101887249597816e+00
4.493439685803531702e+00
3.780389655843804153e+00
4.182289488587204396e+00
4.059226375238306872e+00
4.176473593346011981e+00
4.179238957683259592e+00
3.831186973803223594e+00
3.504487808856562303e+00
2.831658251942653415e+00
3.147195629514114579e+00
2.821561903859947318e+00
2.872064496028884584e+00
2.095727498813249490e+00
2.074362117203358391e+00
1.685823323481481673e+00
1.670699290521078684e+00
1.384258397010950548e+00
6.102587627572164664e-01
1.179826335284549943e+00
5.902024811655208758e-01
2.834330089661787344e-01
3.771161171316380623e-01
3.784618268010493392e-01
9.089248133683805464e-02
-2.953930425386288028e-01
-5.017153267553415841e-01
-6.762839034180104791e-01
-7.664339929633701143e-01
-1.122780420376523702e+00
-1.364358772958327748e+00
-1.755808196054218229e+00
-1.475768920136326212e+00
-1.845892949572716546e+00
-2.383968266284721693e+00
-2.824153960134476726e+00
-2.534581372587151549e+00
-2.647085688453025387e+00
-2.783589182245929994e+00
-3.244596900375166904e+00
-3.564747544655083367e+00
-3.276739207304182333e+00
-3.474558945824910428e+00
-3.818098950207053921e+00
-4.049044617920523947e+00
-3.977514226703129374e+00
-4.208148651772179782e+00
-4.702775957630403347e+00
-4.756620678480361519e+00
-4.674174375291235251e+00
-5.186047119879988898e+00
-5.356864827405371621e+00
-5.454323058851239026e+00
-5.554931585958451379e+00
-5.924791446019732177e+00
-5.749281872183736652e+00
-6.239545196745198474e+00
-6.162594578937018674e+00
-6.132151819345784460e+00
-6.197912150090630234e+00
-6.616399801649545331e+00
-7.170005797284528803e+00
-7.011855204040926104e+00
-7.285051441777446790e+00
-6.966260632647779616e+00
-7.313239590296874759e+00
-7.394929593281522884e+00
-7.623153964136720084e+00
-7.605176343706683717e+00
-7.701007019480623050e+00
-8.034546028076162472e+00
-8.069520537543672489e+00
-8.165691780513984810e+00
-8.043167661237673016e+00
-7.864332969942078755e+00
-8.223841774037113694e+00
-7.968045464007150080e+00
-8.409697888021781864e+00
-8.422712878332452746e+00
-8.313201366198233799e+00
-8.634988412899470944e+00
-8.436177517323322661e+00
-8.688949979988732863e+00
-8.492459982076477232e+00
-8.468688466661330239e+00
-8.000270862390539861e+00
-8.469133298747857808e+00
-8.771779587853819393e+00
-8.519527204958107447e+00
-8.782930987958163627e+00
-8.647792431133504820e+00
-8.381252105700525590e+00
-8.544395788111255996e+00
-8.104772639106615273e+00
-8.617171297219179849e+00
-8.285373142944044034e+00
-8.467811515719004589e+00
-8.329170220106394851e+00
-8.356249950328503928e+00
-8.075756714312966267e+00
-8.168297426993049726e+00
-8.142415679101508985e+00
-7.512620747721909353e+00
-7.666647750785441140e+00
-7.811248452260366903e+00
-7.666976668125271566e+00
-7.356426175989204452e+00
-7.231107264504976762e+00
-7.170699353190272518e+00
-7.264573529652325057e+00
-7.308331698791841191e+00
-6.740510033884661745e+00
-6.617356001269315335e+00
-6.671554895582362477e+00
-6.471588511659414955e+00
-6.379926732787001065e+00
-6.313366418248354428e+00
-6.077672318724912870e+00
-5.911474000158793984e+00
-5.738990957836859863e+00
-5.466085941929872405e+00
-5.788683987033745204e+00
-5.027963659537983965e+00
-5.546754008829987370e+00
-5.014855755332470189e+00
-4.896873174803549666e+00
-4.545852829360055303e+00
-4.388153363610475921e+00
-4.069562844253099776e+00
-3.979995285783988646e+00
-4.086656091725194173e+00
-3.902454007353641785e+00
-3.369815479075817688e+00
-3.351290396040585318e+00
-3.238142791096992656e+00
-3.155654174228491815e+00
-2.756537922499215476e+00
-2.253844110566336489e+00
-2.095251474590058560e+00
-2.432771729019156393e+00
-1.918863321775259756e+00
-1.443883859297568240e+00
-1.491903238677366073e+00
-1.388865036025501709e+00
-1.080593915996285848e+00
-1.148100527833335160e+00
-3.784436826067036352e-01
5.634846383232217093e-02
3.415854191272688078e-01
2.873160779076144866e-01
3.732194934671584918e-01
5.405352656455838511e-01
9.171108101018951020e-01
9.163279138909155019e-01
1.304978404389425473e+00
8.348974942997349213e-01
1.363621621538420481e+00
1.643711983545502076e+00
2.083985646524470159e+00
1.842423457890310923e+00
2.365463968795018079e+00
2.555348723508338971e+00
2.498342524543402110e+00
3.145371201803935257e+00
3.087407240861750335e+00
3.471301488978883576e+00
3.738931312898412962e+00
3.678648004844476294e+00
3.761888201411164978e+00
4.330444920904566786e+00
4.161904235580378142e+00
4.711344138839436368e+00
4.931447083902716244e+00
4.638566032227016578e+00
4.659204583531147748e+00
5.205161128477048038e+00
5.389679260572685315e+00
5.867097905164550653e+00
5.741946400270896866e+00
5.861594762989220442e+00
5.618611567946254937e+00
6.136088685029255529e+00
6.162435602186866923e+00
6.476042340774559314e+00
6.611476131333770212e+00
6.559593949527592116e+00
6.688363185950982448e+00
6.821546485040338226e+00
7.556389056907656609e+00
7.035128997911552773e+00
7.422665277174042231e+00
7.575083180696193352e+00
7.548331673185592727e+00
7.436134594642624052e+00
8.076974974765811055e+00
7.899674968668845665e+00
7.804867591161595897e+00
7.472175760728147154e+00
8.194131075880555670e+00
8.297357003256694341e+00
8.255870746814574446e+00
8.371587510492908280e+00
7.991993444177751371e+00
8.040587919395642658e+00
8.620724479696338705e+00
8.821451454819612792e+00
8.214853065794823550e+00
8.287589790775131249e+00
8.768865128456440061e+00
8.298783028094129932e+00
8.514825883467114664e+00
8.753888774112404292e+00
8.601177585129866188e+00
8.294654816857734758e+00
8.815487299918913777e+00
8.840894666143537250e+00
8.532808120972216415e+00
8.627593834233952208e+00
8.691511836105338062e+00
8.144090298410704420e+00
8.473844167768390889e+00
7.695890054626204346e+00
8.315742408279497511e+00
8.014611426530809268e+00
7.887357297254964372e+00
7.856165594143399211e+00
8.066448022195746859e+00
7.915188370677826768e+00
7.797403604956845591e+00
7.666522009534666893e+00
7.674480595643306202e+00
7.385275290635780365e+00
7.358974826624043786e+00
7.357135179256416357e+00
6.942324519639237579e+00
6.829271863485843141e+00
6.740773307863368480e+00
7.162518427799908771e+00
6.675014349618302312e+00
6.674977550610676325e+00
6.027606325037618618e+00
6.562626065632484185e+00
6.559096709322457919e+00
6.183864331571884421e+00
5.834023690902889747e+00
5.413531912750285890e+00
5.790877270608920213e+00
5.074639869628142286e+00
4.827684667947514718e+00
4.995826386386611695e+00
4.974725358697657640e+00
4.621329621807915622e+00
4.233996502621543812e+00
3.689717501863758464e+00
4.468348469913176579e+00
3.814356588920595925e+00
3.570868792167273931e+00
3.341725301848987417e+00
3.591708995995570142e+00
2.764908380129220689e+00
2.489933423855606343e+00
3.109076592483067891e+00
2.324853907564894406e+00
2.257211626705532659e+00
1.952667818676066425e+00
1.641401073627883456e+00
1.632404180592005094e+00
1.701630358306361668e+00
1.389489498556948588e+00
7.873600777666511785e-01
8.883420366136985935e-01
4.943314308107397137e-01
3.930975403994997897e-01
3.966535667302167334e-01
-3.012366233621189826e-01
-5.460090157075581097e-01
-3.998565901518081334e-01
-7.642834917217499191e-01
-1.118539263911841442e+00
-1.191414641982647016e+00
-1.617689369400516330e+00
-1.599546748194926815e+00
-1.806276587656310717e+00
-1.764283490773137730e+00
-2.301168891907224623e+00
-2.346009988728589679e+00
-2.538494237962022559e+00
-2.648869316428914544e+00
-2.772199335814748089e+00
-2.881438607610019353e+00
-3.273946805291400253e+00
-3.404065351093854996e+00
-4.185878960800986981e+00
-4.040851261831881480e+00
-4.334939298821444353e+00
-4.158755478914428316e+00
-4.498744164639914445e+00
-4.735325180775805443e+00
-5.219062937455836604e+00
-5.369378022758660940e+00
-5.016084520479945574e+00
-5.535644411153830546e+00
-5.332879104577965990e+00
-5.793339667152691774e+00
-5.976084049768911832e+00
-6.140242052561228903e+00
-6.082769001538224529e+00
-6.226739807968301399e+00
-6.538741357346893324e+00
-6.552961601619283982e+00
-6.740181796958382598e+00
-6.966396413815927779e+00
-6.869777531799941883e+00
-7.546064206494540905e+00
-7.194291251957641187e+00
-7.661287512780149633e+00
-7.270194135704698191e+00
-7.746243311867093695e+00
-7.896874534718255845e+00
-8.024507449112572743e+00
-8.271723192400472158e+00
-7.655112476047014169e+00
-7.645984839770507691e+00
-7.868047125092874516e+00
-8.004563164254667740e+00
-8.137165460637609371e+00
-8.310605285740168213e+00
-8.567577636066562974e+00
-8.459414158367483338e+00
-8.391666527222499283e+00
-8.468565966455519956e+00
-8.515627585731632365e+00
-8.351122253827762520e+00
-8.504981948387438706e+00
-8.659453952268036048e+00
-8.873829107152687357e+00
-8.649116016843072074e+00
-8.380299283534506927e+00
-8.065150284840745698e+00
-8.563729860856913234e+00
-8.376080756667386495e+00
-8.754945620225946357e+00
-7.860511296584507868e+00
-8.426408339966332761e+00
-8.275872858821445632e+00
-8.352586066689786648e+00
-8.129192766185523666e+00
-7.882569370003356113e+00
-8.260543564242619041e+00
-8.184480205178413570e+00
-8.302853241508675097e+00
-7.768244366776152710e+00
-8.097489177216523615e+00
-7.699565355455196602e+00
-7.888438036170043688e+00
-7.635213580599060634e+00
-7.288609716963842189e+00
-7.370952475330808440e+00
-7.451806099628878854e+00
-6.979290227178514883e+00
-7.160342033010826057e+00
-6.933831009075884566e+00
-7.177531897589783938e+00
-6.548410825993205009e+00
-6.413260027011134845e+00
-6.208237899131840543e+00
-6.284468165690489272e+00
-6.002804279341989790e+00
-5.914422863643056694e+00
-5.709168809036381909e+00
-5.021347789867340872e+00
-5.414133804376958459e+00
-5.561828913629583759e+00
-4.913757051384714636e+00
-5.037182100844516341e+00
-4.512592462539789295e+00
-4.476381535199260853e+00
-4.547611511377797733e+00
-4.341084751696230981e+00
-4.332451691883121292e+00
-4.174694479898503729e+00
-3.572114665586195503e+00
-3.614569541746618153e+00
-3.139461720656219867e+00
-2.871407299247307421e+00
-2.939692909623884187e+00
-2.588316602909155328e+00
-2.818798779176325375e+00
-2.470989009454406915e+00
-2.059616874612419934e+00
-2.064604259384795082e+00
-1.318691261512432877e+00
-1.142459769420123727e+00
-1.384442390202031525e+00
-8.570079855402940039e-01
-5.438556505478350234e-01
-9.009637540849054771e-01
-4.257733036715128372e-01
-5.757288744749980425e-02
-1.268086116682820563e-01
4.495078836744074158e-01
6.491153049721549717e-01
9.108090988548089850e-01
6.089629900843631649e-01
7.825626643783563097e-01
1.573934895609004236e+00
1.748812942843468221e+00
2.050744630063298324e+00
2.302906007229679197e+00
2.443447856661904893e+00
2.186196924940711384e+00
2.772590260408135610e+00
2.908266794453540971e+00
2.799421108875723263e+00
3.078984872271142148e+00
3.271008150436319539e+00
3.621335251320104920e+00
3.539096366652510817e+00
4.169749501895574362e+00
4.420133389905538834e+00
4.628160874686137127e+00
4.619174415914710785e+00
4.593151265054070009e+00
4.851011706443734361e+00
5.102503328476719169e+00
5.562563696524724932e+00
5.181189646016216344e+00
5.715866440578788676e+00
5.509408382249564085e+00
5.524311428408060110e+00
6.389549211187038225e+00
5.976168628539555883e+00
6.274614779759882133e+00
6.709161598969105356e+00
6.734263862021767189e+00
6.698650276166405071e+00
7.115133273168965822e+00
6.975970136239008745e+00
6.998231588800487124e+00
7.200375243832473515e+00
7.169394607209000903e+00
7.238207530891331842e+00
7.399993506968137069e+00
7.366457006150238129e+00
7.454545004634592686e+00
7.807160858895957567e+00
7.976205444366623709e+00
7.850842211704311069e+00
7.866926035486434543e+00
8.367085769526802608e+00
7.738170549966558731e+00
8.469904582465407117e+00
8.177188118251708104e+00
8.532578960342902974e+00
8.538576897677632616e+00
8.561285341665353599e+00
8.514922626972452946e+00
8.432849761656697751e+00
8.296214784670780773e+00
8.511612368540726337e+00
8.466204664089168830e+00
8.456315888223279842e+00
8.848325211638787380e+00
8.379294550359468019e+00
8.360018807935889029e+00
8.535666389672947219e+00
8.562700268736110232e+00
7.996635570600988174e+00
8.606355261028804549e+00
8.425760162721449120e+00
7.963313186892596818e+00
8.103884589381395998e+00
7.794365180078051125e+00
8.134467822065840181e+00
8.350186447835373116e+00
8.152756997197696975e+00
7.354856011764302259e+00
7.690983965536956291e+00
7.779662197702391424e+00
7.519859158229698082e+00
7.646257260563903202e+00
7.428563132449017559e+00
7.339642717470418631e+00
6.998722217340983320e+00
6.961067260206506901e+00
7.025622221359882680e+00
6.993775281650713715e+00
6.904071358410027059e+00
6.519872367030487226e+00
6.112094879812703496e+00
6.183582950033308379e+00
6.659556624864805485e+00
5.940067243655352769e+00
5.765752773553860955e+00
5.694536635654079859e+00
5.441649988109755753e+00
5.123789012790510355e+00
5.100998064142349797e+00
5.078997358618228652e+00
4.941295620664257093e+00
4.963529520604581080e+00
4.622217733203066281e+00
4.178720508171932302e+00
4.220535770469592940e+00
3.882994507375064686e+00
3.630710118141232456e+00
3.356983313869100094e+00
3.357516036625765921e+00
3.200065083573158553e+00
3.238891848016835606e+00
2.405338254309978385e+00
2.522235305785318626e+00
2.537120265261604946e+00
2.495259476961899203e+00
1.999974213252274646e+00
1.514279435149360475e+00
1.336665580000839793e+00
1.019055833791845389e+00
1.123622761816180038e+00
1.029552747653651457e+00
6.591773911902464311e-01
3.279191850090180105e-01
2.580261924582328836e-01
8.552200733523693255e-02
2.461973890187346692e-03
-5.476199822152557628e-01
-4.453416783515704025e-01
-1.103976536762885541e+00
-9.336654609547014871e-01
-1.203164578128944395e+00
-1.172033671752056971e+00
-1.310565402010409830e+00
-1.591071530975203485e+00
-1.654612726011104318e+00
-1.988249511967646432e+00
-2.266165965898689461e+00
-2.352148495119650740e+00
-2.842515317983771439e+00
-2.659260021035400268e+00
-3.121475624616049771e+00
-3.382006792296380127e+00
-3.806564337189672020e+00
-3.677428710214071916e+00
-4.166247992058790039e+00
-4.165521821750323817e+00
-4.373753686822107412e+00
-4.347463711847561640e+00
-4.669947520822547382e+00
-5.206698285700091411e+00
-5.137045550067471211e+00
-5.502390244910474237e+00
-5.609599149655299044e+00
-5.658870402540715716e+00
-5.755171168202162235e+00
-5.865028546042878155e+00
-6.173491547344519326e+00
-6.455034806618326293e+00
-7.086463348826979924e+00
-6.658550864329414232e+00
-6.214752839020095898e+00
-6.696435395019581627e+00
-7.096835104626557644e+00
-6.894497867299747007e+00
-7.228098433108668175e+00
-7.080167516279401774e+00
-7.541189094271865123e+00
-7.904023825648621937e+00
-7.549858958886161986e+00
-7.840970245611825540e+00
-7.862661461107467886e+00
-7.579438155586412762e+00
-8.088585284506722317e+00
-8.182224574738937051e+00
-7.852732646919804438e+00
-8.454707435170673691e+00
-8.456911522143581550e+00
-8.572374153337667835e+00
-8.209954892158560114e+00
-8.305440718045947079e+00
-8.461717920844925800e+00
-8.309255737366324723e+00
-8.624816886843554187e+00
-8.917017638513517142e+00
-8.278770368015015535e+00
-8.819220542715724420e+00
-8.632487862860298122e+00
-8.129612472532455669e+00
-8.872760795310776771e+00
-8.437389934812228987e+00
-8.383444698314216126e+00
-8.435995075504257201e+00
-8.424141773603723848e+00
-8.495856848918355908e+00
-8.275374367301221668e+00
-8.060455785210729474e+00
-8.337821453557326734e+00
-7.891543390900703336e+00
-8.140290669744135954e+00
-8.070929551078574349e+00
-7.923139300986202116e+00
-7.880815207513514942e+00
-7.821403658007263004e+00
-7.336016366201844718e+00
-7.396146329232108130e+00
-7.838330718423127230e+00
-7.366815018108758828e+00
-7.638817443682270003e+00
-7.582051247476226941e+00
-7.363804964783452256e+00
-7.422755758752901833e+00
-6.879814355689660488e+00
-7.127458933781964490e+00
-6.508561131551988233e+00
-6.647355177037259644e+00
-6.196085079074610036e+00
-6.343070274718419554e+00
-6.135654581492108406e+00
-6.090341525513980336e+00
-5.743409286097254096e+00
-6.135838929475030845e+00
-5.310966136219022360e+00
-5.497143570146580949e+00
-5.354966352644679795e+00
-5.382970536991096289e+00
-4.803912241074101530e+00
-4.659959979476357539e+00
-4.530435257789724446e+00
-4.235337299744852402e+00
-4.163363678087820041e+00
-3.996270986711957462e+00
-3.652122325068515973e+00
-3.520269506383665981e+00
-3.450132794896052069e+00
-3.073562619522966166e+00
-3.072701222475459293e+00
-2.917174148355752283e+00
-2.629919388153979298e+00
-2.359760738978827987e+00
-2.246149154724547348e+00
-2.310385719395739113e+00
-1.582078417311051144e+00
-1.402855554091718249e+00
-1.268063576612173726e+00
-1.128413219131489065e+00
-5.460874628061280767e-01
-6.650980689083276776e-01
-6.223049685138923870e-01
4.396778237034826287e-03
-1.317214475235684024e-01
1.227114464315708364e-01
3.202020965734309055e-01
3.910909358163692229e-01
1.085341264054746846e+00
1.005358672737032055e+00
1.274235590817575758e+00
1.575381706614297883e+00
1.379506039689593733e+00
1.991287645653404770e+00
1.960543188045229757e+00
1.996983303730267556e+00
2.471787683768672306e+00
2.501987761898037732e+00
2.840625680868845038e+00
3.331418639016426653e+00
3.115184531621506103e+00
3.350627454915219072e+00
3.595886843373158115e+00
3.820548207609733904e+00
4.236123640122168688e+00
4.067327837739913576e+00
4.480703155394111903e+00
4.384508787031086818e+00
4.673731652356251765e+00
4.688157339678715729e+00
5.076141434197575464e+00
5.361423485228188568e+00
5.594718692844098840e+00
5.518118185246665419e+00
5.993305835976932450e+00
5.988611287944882733e+00
6.398469555138543541e+00
6.357400549867127992e+00
6.529428811577350444e+00
6.807248279203531816e+00
6.710254282280276428e+00
6.707995242822409665e+00
6.553275291142495185e+00
6.979615158176827094e+00
7.146069175160770115e+00
7.264012880361302216e+00
7.357547502565060071e+00
7.520827687966566089e+00
7.654666032539696019e+00
8.165188402750244379e+00
7.490474145347690182e+00
7.958992919744703798e+00
7.914799008008519543e+00
7.927505371539633749e+00
8.370385616364863779e+00
8.353352156314880261e+00
7.982645138040917132e+00
8.369955582077775347e+00
8.057546043984849859e+00
8.090140833386691099e+00
8.774759305263069464e+00
8.564039431807538350e+00
8.339223909685545166e+00
8.622188543744375266e+00
8.202198985383338581e+00
8.629282532274292095e+00
8.339621955784378926e+00
8.660388250704526669e+00
8.456155090851392941e+00
8.543624156461698149e+00
8.387714587525156418e+00
8.380711015222310323e+00
8.571928638656167720e+00
8.443062308317612619e+00
8.797432661272720722e+00
8.587690519715314608e+00
7.906497904222074879e+00
